%YAML:1.0 
%Freiburg 2

camera0:
   model: distPinhole
   fx: 520.908620
   fy: 521.007327
   cx: 324.641442 # 325.141442
   cy: 249.201764 # 249.701764
   k1: 0.231222
   k2: -0.784899
   k3: -0.003257
   k4: -0.000105
   k5: 0.917205
   w: 640
   h: 480
   stereoBaseline: 0.08
   depthConstant: 5208.0
   associationThreshold: 0.51
   RGB_hz: 30.0
   depth_hz: 30.0

   maxPhotoDef2: 100.4
   minPhotoDef2: 0.006
   ctPhotoDef2: 0.0
   ccPhotoDef2: 0.0
   imgPhotoCov: 4.0

   maxGeoDef2: 1.4
   minGeoDef2: 0.6
   ctGeoDef2: 0.1
   ccGeoDef2: 0.1
   imgGeoCov: 0.2