%YAML:1.0 
%Freiburg 1

camera0:
   model: distPinhole
   fx: 517.306408
   fy: 516.469215
   cx: 318.643040
   cy: 255.313989
   k1: 0.262383
   k2: -0.953104
   k3: -0.005358
   k4: 0.002628
   k5: 1.163314
   w: 640
   h: 480
   stereoBaseline: 0.08
   depthConstant: 5000.0
   associationThreshold: 0.51
   RGB_hz: 30.0
   depth_hz: 30.0

   maxPhotoDef2: 100.4
   minPhotoDef2: 0.006
   ctPhotoDef2: 0.0
   ccPhotoDef2: 0.0
   imgPhotoCov: 4.0

   maxGeoDef2: 1.4
   minGeoDef2: 0.6
   ctGeoDef2: 0.1
   ccGeoDef2: 0.1
   imgGeoCov: 0.2